%YAML 1.0
---
lut: !!opencv-matrix
   rows: 19
   cols: 1
   dt: f
   data: [ 7.82715234e+04, 3.91357617e+04, 1.95678809e+04,
       9.78394043e+03, 4.89197021e+03, 2.44597998e+03, 1.22298999e+03,
       6.11500000e+02, 3.05750000e+02, 1.52869995e+02, 7.64400024e+01,
       3.82200012e+01, 1.91100006e+01, 9.55000019e+00, 4.78000021e+00,
       2.39000010e+00, 1.19000006e+00, 6.00000024e-01, 3.00000012e-01 ]
